0,2261.476285,1508.76052,7713.03996,3705.175899,2742.81045,5213.761277,6347.835616,7024.883829,4779.960837,1824.730459,1337.924398,1850.986104,7409.394967,4974.586026,6468.830123,639.074888,4717.248934,700.6963862,2468.279738,1500.316206,8192.983641,1897.356162,2108.528342,591.0310602,3702.857481,915.1326233,6380.670741,6997.084912,762.3038405,6004.558988,5425.932269,4200.655333,579.8197841,1468.269543,7629.349843,4017.657614,4663.254078,4352.067239,4352.067239,2674.708515,2746.91815,2234.210816,1875.426818,603.9278666,1055.891438,1682.810886,1989.694066,4759.678972,5882.440734,8458.959859,7887.919739,1710.960395,1759.71246,2768.228002,6494.219319,4574.634175,1655.936696,4557.940553,745.8198794,2556.224007,1776.905959,7517.218899,5518.835662,1030.766374,1410.18012,4453.53185,6324.075748,4657.093177,4657.093177,6930.19739,1179.951976,943.2547966,4300.661921,4520.635668,622.0732618,1043.274564
2261.476285,0,3765.335565,8791.168123,5831.401952,4563.326967,7461.33225,7906.141097,8928.43053,6860.300721,3463.865588,3594.336495,3684.346498,9229.530688,7123.056017,7851.447472,1719.080607,6678.340104,1748.828058,470.5860873,1611.444356,9921.791105,4158.831472,1875.57339,1804.80949,5941.519442,2988.159691,8163.967649,8966.259554,2123.204809,7844.898355,7373.863783,6280.132465,2501.444911,3436.576545,9354.829495,5862.097158,6901.558878,6553.327986,6553.327986,4817.450237,1445.502914,4432.935597,4133.486722,1696.841608,2181.087098,3465.019382,1550.491965,5442.44035,8110.517853,9093.675883,5933.124874,3810.258754,3194.546573,4587.280851,4322.371729,6747.133432,1618.294112,6816.884942,1988.174208,2062.152608,2544.953236,9640.910392,7462.679132,3284.112293,3573.129643,6661.122993,8273.714766,6691.811692,6691.811692,8509.192431,3383.770193,1588.055875,6536.373363,6561.546562,1971.875094,1242.126584
1508.76052,3765.335565,0,7456.997528,2334.277011,2239.024239,3763.837136,5729.311284,6017.058343,3626.516989,1652.616557,171.0276816,1681.047135,6481.28991,3708.29616,6010.986938,2072.765246,3737.043309,2080.034948,3974.402301,2833.032892,7336.959915,427.5707588,3353.074158,1996.245669,2294.124259,1156.513515,5527.864264,5915.141095,1849.586691,5104.625057,4423.759527,3079.652596,1500.065412,1325.011654,6792.408543,3254.581802,3239.356357,3010.799443,3010.799443,1590.473177,4157.934113,839.368201,368.6048811,2075.577977,2013.232855,1691.246925,3328.567579,5018.882818,4467.218193,8511.776623,9321.543231,782.7694891,1874.980333,2259.77859,7993.43576,3129.416241,2977.406112,3051.586087,1941.938251,3786.063784,2466.113269,6238.288821,4517.477746,574.1032131,842.3921345,3097.232701,5284.37338,3577.265174,3577.265174,6263.793406,726.5894529,2303.419507,2887.725791,3439.581589,1973.172595,2551.134912
7713.03996,8791.168123,7456.997528,0,8780.680719,5220.157938,6912.106098,2303.462114,4033.549097,5146.457555,9059.87352,7478.736468,5951.65827,3590.183705,5630.357041,1651.232443,8203.726835,4518.081436,8314.565244,8536.960748,7232.744754,3298.16562,7239.861649,6927.003682,8208.002662,6575.18332,6892.148074,3301.856871,4470.79,8475.199554,3637.386857,4286.730954,5249.467521,7134.321043,6373.324589,3086.043548,4404.114488,6622.11644,6118.961219,6118.961219,6055.79708,7706.785316,7949.434595,7397.724052,8108.134096,8767.334948,6069.12329,7246.941972,3420.831765,6692.967673,1878.09202,10596.10185,8237.042206,9197.705493,5198.718953,10767.57819,8854.823533,7191.260023,7651.344117,8449.920062,6852.565729,9474.411832,5929.777459,4250.375032,7252.828873,6718.798538,6187.167485,4246.733315,4900.689525,4900.689525,2252.490967,6954.469698,8516.423048,6544.43799,4964.844715,7385.956454,7999.685167
3705.175899,5831.401952,2334.277011,8780.680719,0,3952.102358,2905.430945,6691.134086,6252.654054,3914.872065,2567.433051,2477.762199,3789.418001,6837.553015,3657.969855,7173.709894,4125.068509,4383.02386,4083.95329,6123.165997,5139.718714,7764.920642,2148.307301,5681.511215,4036.699717,2260.854668,3486.898764,6124.992742,5994.333213,3716.317606,5666.756032,4887.620235,3604.748055,3822.262941,3540.611821,7296.826531,4383.997271,2690.449007,2919.479171,2919.479171,2875.73617,6441.957275,1501.852617,2056.813451,4166.769041,3722.276896,3877.286928,5638.214294,6971.642438,3664.275615,10134.6273,11592.97836,2024.764191,2914.166248,3962.346097,10146.97166,955.7725219,5288.68171,1778.288936,3847.74259,6117.761187,3752.381452,5746.915803,4966.801151,2906.93697,3060.373049,2914.963391,5535.833225,4052.935346,4052.935346,7102.909432,3032.507635,4249.691119,2531.136572,3948.636262,4256.160031,4716.229286
2742.81045,4563.326967,2239.024239,5220.157938,3952.102358,0,3626.663462,3621.534768,4369.088609,2419.753641,3846.461785,2258.986073,907.9344,4702.632937,2813.337329,3815.106005,3346.096883,2125.958806,3430.912589,4538.156707,3031.664169,5458.788474,2060.022028,3175.146697,3318.682977,2304.244406,1832.30015,3655.313394,4404.862182,3464.701492,3302.551819,2812.849194,1878.547078,2222.525228,1276.160017,4893.289298,1305.72239,3050.723939,2510.739285,2510.739285,1102.089644,4192.759679,2810.479612,2214.514991,3276.02934,3735.789957,1112.939561,3363.567187,3025.090672,4048.8459,6310.672554,9018.37612,3021.046271,4005.600068,25.43537652,8155.837663,4382.557389,3094.891265,3593.360825,3478.452257,3446.598573,4388.123376,5187.764942,2900.764844,2062.833355,1518.648745,2635.437879,3711.019787,2195.458044,2195.458044,4195.234356,1768.027108,3666.875894,2726.294151,2078.28262,2664.615079,3415.255448
5213.761277,7461.33225,3763.837136,6912.106098,2905.430945,3626.663462,0,4622.245409,3596.761886,1813.785195,4966.345638,3928.188281,4130.81407,4219.95624,1288.670803,5267.334893,5819.294046,2492.768993,5836.960602,7600.747003,6233.533175,5141.086118,3342.037624,6571.479982,5747.61977,1525.26386,4509.895667,3769.797538,3260.530793,5609.461817,3346.425844,2629.786752,1983.536552,4991.399107,4181.483172,4753.494467,3086.722381,587.6444269,1124.956361,1124.956361,2786.01423,7542.576335,3372.878473,3404.774803,5809.025632,5748.840643,4332.587021,6673.637233,6249.710377,771.6062177,8569.138131,12573.57408,4074.835133,5298.600901,3617.523107,11519.21982,2391.210044,6345.03067,1136.541409,5705.360504,6921.391993,6069.108724,2841.530518,2674.561196,4183.221353,3915.706515,1001.810037,2963.414636,2106.850491,2106.850491,4862.02836,4082.29946,6064.87983,947.872659,2096.303331,5527.412964,6220.395728
6347.835616,7906.141097,5729.311284,2303.462114,6691.134086,3621.534768,4622.245409,0,1987.733222,2894.752791,7381.000453,5790.137656,4496.917502,1796.966752,3350.463396,728.0369728,6927.435609,2318.591577,7021.136464,7762.993584,6295.232363,2129.26946,5433.555239,6180.899647,6909.124188,4437.446378,5447.192937,1069.150819,2373.219661,7082.378016,1341.350122,1992.464496,3089.722994,5801.365183,4892.128686,1605.045737,2479.244753,4366.014995,3897.003292,3897.003292,4185.180486,7126.512181,6067.432028,5589.302447,6848.038269,7356.307229,4671.49718,6463.489526,3389.803203,4390.207653,4071.744025,11011.94703,6476.733091,7578.445694,3596.52754,10735.55748,6660.98537,6302.325128,5418.187201,7090.072645,6257.29741,8007.348517,3824.9867,1951.042633,5662.704072,5118.978363,3952.370513,1999.588284,2679.644378,2679.644378,603.6668037,5374.816923,7250.090677,4324.906329,2764.32461,6178.970839,6891.824769
7024.883829,8928.43053,6017.058343,4033.549097,6252.654054,4369.088609,3596.761886,1987.733222,0,2438.830807,7612.111415,6126.858847,5266.528686,628.8082357,2595.340016,2689.5448,7655.026754,2310.979324,7725.511706,8877.666731,7366.931127,1544.55066,5633.756189,7402.98682,7615.175652,4088.819872,6116.801639,991.6938322,445.4421876,7678.781478,1117.965906,1604.367684,2943.525851,6556.629729,5582.059717,1200.570022,3066.421391,3592.81123,3350.035247,3350.035247,4444.915761,8407.388201,6085.212609,5770.389396,7596.874696,7915.979684,5479.082439,7640.87943,5196.229696,3086.071871,5899.212533,12715.00891,6653.681456,7876.992776,4344.679136,12230.35446,5942.333822,7411.445804,4643.204532,7721.334126,7575.726549,8467.911868,1896.655889,1510.556207,6140.507754,5641.426698,3341.200754,740.9830566,2441.216319,2441.216319,1789.508901,5894.479217,7967.597262,3721.846536,2578.27607,7026.54771,7780.845756
4779.960837,6860.300721,3626.516989,5146.457555,3914.872065,2419.753641,1813.785195,2894.752791,2438.830807,0,5187.858263,3749.903344,3201.708642,2972.910982,549.1304518,3495.29552,5419.006659,681.6158408,5473.79241,6890.967791,5405.943367,3885.821866,3226.517382,5592.259434,5367.661948,1678.227441,3908.815554,2211.985471,2293.043763,5371.321244,1754.31207,974.1884163,581.7125461,4382.609921,3424.533706,3393.700471,1432.219043,1476.0681,1017.180817,1017.180817,2111.758877,6608.301704,3646.887288,3355.917172,5375.642379,5586.561662,3424.049288,5768.827842,4561.999195,1866.950816,6763.408584,11389.57922,4227.808563,5463.377983,2401.011273,10575.5887,3780.372258,5483.675843,2523.812174,5430.116664,5864.861608,6092.025686,2787.679076,1051.959932,3821.915779,3369.877305,1060.533197,1697.949356,311.6368298,311.6368298,3228.191967,3607.989476,5716.710438,1441.214271,366.5818082,4895.388977,5648.266639
1824.730459,3463.865588,1652.616557,9059.87352,2567.433051,3846.461785,4966.345638,7381.000453,7612.111415,5187.858263,0,1595.827627,3142.890238,8098.972154,5189.482321,7648.547321,1913.973824,5362.219982,1825.419151,3832.510917,3279.244605,8968.304292,1988.981933,3904.900444,1829.326472,3674.623761,2286.113318,7166.404145,7479.247294,1402.206071,6736.611384,6035.156194,4669.344375,2280.920846,2727.126198,8429.067999,4907.192057,4530.382538,4442.137634,4442.137634,3231.647191,4393.508108,1608.782484,1845.332858,1996.835403,1283.614207,3072.241369,3742.480933,6399.963534,5724.480943,10015.11276,9381.109705,960.1615737,349.5845849,3868.936912,7765.354655,3523.15328,3433.742836,4010.498538,1539.033549,4348.027632,1185.772336,7653.788632,6128.134632,1817.499488,2341.98731,4505.892197,6873.523305,5173.430717,5173.430717,7916.359125,2113.95211,1906.394982,4220.217534,5037.793424,2440.475751,2564.84341
1337.924398,3594.336495,171.0276816,7478.736468,2477.762199,2258.986073,3928.188281,5790.137656,6126.858847,3749.903344,1595.827627,0,1639.981848,6581.906255,3847.528482,6053.134438,1903.204776,3837.133829,1912.183229,3804.116703,2675.454383,7430.000249,586.769296,3204.285134,1827.269587,2450.920274,1031.038873,5617.212475,6034.113134,1691.028254,5198.859684,4529.282743,3196.289067,1346.684559,1261.059634,6882.302829,3322.49268,3399.811738,3159.094343,3159.094343,1686.980866,3996.841933,976.5867084,539.3474892,1905.050502,1864.429847,1628.360372,3172.127736,4974.550195,4627.444422,8499.943385,9160.207886,796.4841962,1792.888096,2280.785993,7824.266246,3287.710658,2821.196918,3222.565278,1779.942322,3640.00517,2344.170875,6382.414398,4623.172544,433.6234043,798.5848309,3247.884805,5396.888661,3690.298754,3690.298754,6331.815541,636.9879622,2137.204173,3046.210363,3552.217306,1809.684098,2380.514307
1850.986104,3684.346498,1681.047135,5951.65827,3789.418001,907.9344,4130.81407,4496.917502,5266.528686,3201.708642,3142.890238,1639.981848,0,5609.633642,3522.94991,4636.239144,2442.651966,2995.105284,2530.627218,3691.055244,2205.997587,6365.440456,1671.805836,2453.658126,2418.357286,2657.796096,958.0530655,4563.237648,5285.76382,2590.091705,4208.26794,3694.238298,2629.350144,1316.575089,421.7999038,5799.509187,2210.423317,3543.221143,3074.484574,3074.484574,1348.46267,3450.216279,2426.994846,1798.622565,2370.349432,2869.975009,222.3587108,2591.446733,3338.065483,4658.885268,6877.868229,8445.069909,2436.461352,3252.753777,933.2007296,7437.675561,4395.708632,2290.089601,3853.838723,2593.540205,2790.821917,3548.266336,5989.335683,3784.139987,1326.66498,842.3730828,3195.14134,4595.890365,3014.665409,3014.665409,5079.565672,1034.484557,2764.362809,3186.75203,2887.25534,1760.46691,2514.356136
7409.394967,9229.530688,6481.28991,3590.183705,6837.553015,4702.632937,4219.95624,1796.966752,628.8082357,2972.910982,8098.972154,6581.906255,5609.633642,0,3181.682797,2422.655254,8031.055664,2744.840539,8107.853071,9149.933729,7644.694844,930.1017178,6111.916126,7632.48115,7996.419012,4644.027356,6495.40957,1071.693405,1038.016918,8087.266421,1404.866623,2064.41548,3438.208653,6917.552148,5949.723521,590.0025149,3400.201314,4196.268663,3922.841783,3922.841783,4894.932669,8621.725007,6601.47006,6253.656338,7967.094182,8334.48736,5814.984257,7886.687112,5157.981918,3714.661678,5467.97533,12753.52302,7145.019274,8351.935983,4677.551194,12371.21827,6554.066115,7677.841564,5254.284981,8121.708511,7772.5188,8911.702901,2392.994373,1971.944817,6564.87564,6050.35539,3922.590415,1301.888498,2933.311055,2933.311055,1426.923543,6306.822218,8348.034795,4307.467072,3066.260646,7366.73047,8114.646427
4974.586026,7123.056017,3708.29616,5630.357041,3657.969855,2813.337329,1288.670803,3350.463396,2595.340016,549.1304518,5189.482321,3847.528482,3522.94991,3181.682797,0,3982.764489,5611.09621,1227.521064,5655.335055,7185.314603,5724.525705,4110.689325,3289.542144,5955.960832,5553.109554,1537.723682,4141.085672,2562.950577,2360.209519,5514.178083,2118.489983,1365.324621,940.9665577,4624.860108,3696.023593,3659.720256,1952.089558,1045.474041,769.6879724,769.6879724,2309.928859,6965.029686,3602.485649,3402.282984,5577.187629,5708.974404,3743.08613,6112.403098,5101.981366,1329.337015,7280.813906,11825.03315,4234.311111,5485.675205,2797.312827,10947.1327,3409.473971,5812.691794,2119.60258,5584.796767,6252.020937,6163.836313,2544.825664,1421.419188,3978.061093,3573.36691,747.0147053,1879.955164,859.1815371,859.1815371,3629.484677,3794.648463,5896.207919,1126.833522,887.9334185,5151.18632,5893.768079
6468.830123,7851.447472,6010.986938,1651.232443,7173.709894,3815.106005,5267.334893,728.0369728,2689.5448,3495.29552,7648.547321,6053.134438,4636.239144,2422.655254,3982.764489,0,7016.08619,2869.741294,7117.558303,7667.325173,6244.849742,2554.169138,5752.896425,6059.081115,7006.93103,4946.684968,5594.187334,1796.479096,3088.822021,7220.801863,2054.441768,2650.303278,3610.879609,5903.401177,5049.018346,2107.480485,2834.053007,4970.887017,4470.071391,4470.071391,4529.355184,6958.031653,6429.83817,5910.726817,6929.418848,7504.280084,4787.563973,6358.500235,2962.919647,5079.422035,3357.573973,10575.34302,6778.971948,7819.346889,3791.423417,10420.88068,7213.973026,6233.910381,6001.929313,7214.626183,6083.828662,8182.99644,4546.753611,2620.293421,5877.902231,5333.699139,4536.85345,2726.679839,3250.618598,3250.618598,1020.52713,5582.53418,7337.120744,4896.278593,3317.405181,6232.565417,6912.749225
639.074888,1719.080607,2072.765246,8203.726835,4125.068509,3346.096883,5819.294046,6927.435609,7655.026754,5419.006659,1913.973824,1903.204776,2442.651966,8031.055664,5611.09621,7016.08619,0,5349.726861,123.5150349,2000.423878,1445.407495,8804.098222,2482.735347,2072.549134,89.38433882,4318.012092,1538.342457,6995.866734,7632.530416,520.8291854,6626.338788,6058.283874,4839.596569,1127.408917,2081.584515,8239.063132,4634.010905,5276.699218,4980.836858,4980.836858,3313.4459,2479.579092,2713.895385,2440.884594,108.4813204,751.0217811,2257.249706,1864.85902,5129.524312,6499.828132,8853.245169,7521.645921,2100.36955,1733.581052,3371.519333,6022.330989,5032.030462,1590.885275,5118.044358,395.7478267,2497.970232,1448.550237,8154.506273,6150.945019,1648.970307,2049.254985,5080.432464,6957.575069,5294.757435,5294.757435,7515.418936,1817.315366,322.6552715,4916.32812,5158.495016,830.5456764,650.8758202
4717.248934,6678.340104,3737.043309,4518.081436,4383.02386,2125.958806,2492.768993,2318.591577,2310.979324,681.6158408,5362.219982,3837.133829,2995.105284,2744.840539,1227.521064,2869.741294,5349.726861,0,5417.930689,6663.83802,5157.535266,3606.39717,3373.300294,5273.059385,5308.035858,2123.531659,3812.810023,1818.996934,2292.466231,5367.944288,1377.14484,708.6845123,779.6017825,4261.535025,3286.14943,3072.311331,912.0553857,2120.910334,1600.902939,1600.902939,2150.155562,6291.121168,3904.213618,3518.003781,5294.165259,5606.660187,3213.459503,5478.781853,3925.749823,2523.356127,6098.30601,10933.50265,4413.291547,5609.336418,2103.27593,10218.84112,4350.197361,5218.705571,3133.436115,5410.456377,5506.31854,6169.912589,3118.627099,801.7196715,3832.003636,3330.448269,1671.981808,1608.782762,390.5164641,390.5164641,2723.010656,3583.637293,5660.421163,2026.585732,448.4612148,4745.725119,5502.563713
700.6963862,1748.828058,2080.034948,8314.565244,4083.95329,3430.912589,5836.960602,7021.136464,7725.511706,5473.79241,1825.419151,1912.183229,2530.627218,8107.853071,5655.335055,7117.558303,123.5150349,5417.930689,0,2053.037277,1563.610485,8886.624002,2495.975161,2189.26855,112.2773469,4342.644579,1612.449718,7076.253412,7697.024358,423.7226234,6702.987827,6126.61485,4895.623984,1219.90935,2161.235735,8322.202139,4713.501646,5299.448893,5015.484797,5015.484797,3364.723226,2570.70305,2692.110797,2446.567179,231.9721582,633.7106719,2349.666761,1975.722981,5249.902896,6524.544432,8972.875559,7587.401803,2061.523033,1631.960921,3456.347584,6064.038956,4998.433238,1707.700051,5115.700289,290.1325315,2611.960336,1325.481196,8199.818703,6219.526913,1682.499915,2104.903307,5113.286516,7024.627077,5355.363668,5355.363668,7607.55098,1866.819807,243.1826683,4940.773848,5218.639609,949.4423121,745.7457786
2468.279738,470.5860873,3974.402301,8536.960748,6123.165997,4538.156707,7600.747003,7762.993584,8877.666731,6890.967791,3832.510917,3804.116703,3691.055244,9149.933729,7185.314603,7667.325173,2000.423878,6663.83802,2053.037277,0,1510.995452,9811.326007,4348.167386,1616.745716,2089.458231,6075.719863,3093.258735,8079.765976,8938.749158,2455.169788,7780.421056,7348.680511,6315.295785,2609.542625,3490.184572,9246.330802,5819.306406,7030.929136,6651.777665,6651.777665,4898.023144,1007.864728,4688.336993,4338.640957,1956.557718,2551.470885,3468.822187,1309.041969,5154.000558,8224.760881,8761.880982,5548.655365,4098.675945,3581.815836,4561.103751,4030.880617,7021.283161,1472.496326,7014.450551,2317.015153,1719.035706,2974.185486,9678.387864,7435.366235,3459.410807,3687.028841,6763.642448,8242.894153,6704.734312,6704.734312,8366.630231,3521.722271,1929.220424,6664.431727,6578.097825,2073.334785,1425.405027
1500.316206,1611.444356,2833.032892,7232.744754,5139.718714,3031.664169,6233.533175,6295.232363,7366.931127,5405.943367,3279.244605,2675.454383,2205.997587,7644.694844,5724.525705,6244.849742,1445.407495,5157.535266,1563.610485,1510.995452,0,8320.050769,3137.839387,630.2937909,1511.360221,4714.364436,1766.138999,6575.706391,7428.722315,1950.996987,6271.132448,5839.466404,4835.191369,1336.197411,2058.048881,7753.771336,4308.51156,5652.582934,5233.359403,5233.359403,3473.743134,1336.758613,3641.23635,3167.962298,1341.407127,2196.373416,1984.163266,498.672323,3955.355255,6817.661393,7666.880531,6494.032143,3193.263313,3148.681432,3054.263449,5286.076352,5962.355711,155.8031071,5760.496424,1837.603114,1068.964356,2875.632855,8192.819379,5925.766433,2264.866165,2344.429857,5349.654019,6732.613284,5209.533967,5209.533967,6898.437059,2235.709811,1637.340231,5287.218137,5085.138006,893.2023024,903.4904962
8192.983641,9921.791105,7336.959915,3298.16562,7764.920642,5458.788474,5141.086118,2129.26946,1544.55066,3885.821866,8968.304292,7430.000249,6365.440456,930.1017178,4110.689325,2554.169138,8804.098222,3606.39717,8886.624002,9811.326007,8320.050769,0,6979.322782,8255.199092,8774.564229,5561.739221,7278.007655,1818.438844,1908.28873,8890.452042,2232.481246,2952.535166,4328.688453,7681.279985,6725.667845,567.6340364,4176.962035,5126.297052,4848.065594,4848.065594,5746.581151,9220.79731,7494.353718,7124.396417,8734.811244,9146.009219,6562.271802,8525.800683,5485.632437,4611.211309,5143.187723,13112.50351,8019.519231,9211.49792,5433.398398,12864.6873,7482.948816,8340.789396,6183.2582,8917.333916,8357.080986,9744.17055,3085.598047,2862.5387,7387.679121,6862.377756,4850.155704,2230.76341,3826.215188,3826.215188,1568.37231,7120.478168,9124.124843,5235.78486,3955.783378,8107.902827,8845.743024
1897.356162,4158.831472,427.5707588,7239.861649,2148.307301,2060.022028,3342.037624,5433.555239,5633.756189,3226.517382,1988.981933,586.769296,1671.805836,6111.916126,3289.542144,5752.896425,2482.735347,3373.300294,2495.975161,4348.167386,3137.839387,6979.322782,0,3620.337402,2408.743219,1866.620681,1391.453202,5178.753231,5518.732295,2276.181743,4747.724504,4049.222475,2690.798019,1804.552444,1393.269844,6440.658227,2954.532731,2813.321067,2585.427585,2585.427585,1252.97903,4472.85186,766.406622,158.0855252,2479.27486,2440.314344,1737.209233,3625.907272,4967.545834,4041.067495,8369.831242,9631.168524,1048.137439,2243.272005,2077.810018,8352.69426,2861.79508,3275.689071,2666.283555,2366.574811,4040.943619,2876.156958,5814.855104,4142.487763,891.6438019,912.5999516,2670.695145,4897.720348,3192.623103,3192.623103,5952.849076,917.8880699,2722.859494,2460.665688,3055.927308,2310.309816,2932.074837
2108.528342,1875.57339,3353.074158,6927.003682,5681.511215,3175.146697,6571.479982,6180.899647,7402.98682,5592.259434,3904.900444,3204.285134,2453.658126,7632.48115,5955.960832,6059.081115,2072.549134,5273.059385,2189.26855,1616.745716,630.2937909,8255.199092,3620.337402,0,2140.26441,5071.804419,2228.921526,6560.959984,7501.830227,2580.800286,6291.412803,5929.073103,5038.198561,1859.752182,2405.722177,7693.729663,4387.818237,5985.022623,5527.832237,5527.832237,3786.350138,1018.566872,4179.66923,3668.288889,1969.654319,2822.842443,2243.29185,326.2643132,3566.881069,7112.541287,7232.31116,6041.504702,3775.52717,3778.713801,3195.015372,4991.221835,6473.670746,481.6644243,6183.758598,2466.104406,448.0743849,3491.977647,8361.946188,6010.977366,2779.029251,2768.708447,5648.116169,6805.155072,5369.945113,5369.945113,6783.627364,2703.241503,2248.724715,5624.117421,5253.425226,1488.979437,1498.540681
591.0310602,1804.80949,1996.245669,8208.002662,4036.699717,3318.682977,5747.61977,6909.124188,7615.175652,5367.661948,1829.326472,1827.269587,2418.357286,7996.419012,5553.109554,7006.93103,89.38433882,5308.035858,112.2773469,2089.458231,1511.360221,8774.564229,2408.743219,2140.26441,0,4249.428689,1501.10279,6964.373056,7588.080927,443.422669,6591.559956,6016.711426,4789.0573,1108.045945,2049.298995,8210.096004,4601.685015,5207.301076,4917.389483,4917.389483,3259.635871,2564.839189,2628.718401,2363.894094,172.0175263,690.1119202,2237.632556,1939.428675,5154.448719,6431.426279,8875.743678,7610.91218,2012.10079,1654.986485,3344.117824,6110.476017,4944.749444,1658.862131,5038.58508,326.5401031,2568.989499,1401.247846,8097.249782,6109.569818,1584.22233,1998.09322,5016.039369,6915.037876,5247.419194,5247.419194,7495.408027,1762.011243,352.4261906,4847.706665,5110.823126,853.5781247,736.3985201
3702.857481,5941.519442,2294.124259,6575.18332,2260.854668,2304.244406,1525.26386,4437.446378,4088.819872,1678.227441,3674.623761,2450.920274,2657.796096,4644.027356,1537.723682,4946.684968,4318.012092,2123.531659,4342.644579,6075.719863,4714.364436,5561.739221,1866.620681,5071.804419,4249.428689,0,2984.661647,3874.731649,3887.455966,4141.930047,3416.718913,2641.347374,1347.729475,3466.258087,2670.300716,5071.799383,2245.346683,960.7019541,772.7183975,772.7183975,1314.087568,6030.421758,2074.19559,1952.803216,4302.295275,4304.829309,2848.15523,5161.212836,5204.264139,2182.002719,8028.762563,11096.60538,2729.526902,3982.2535,2301.662462,10000.34816,2302.766612,4828.820865,1297.881405,4229.293846,5435.91498,4696.863534,3984.900615,2724.08185,2672.681361,2390.494485,831.3004844,3353.395359,1793.72323,1793.72323,4842.05579,2559.286642,4575.348748,598.3164508,1687.79993,4002.401503,4699.726662
915.1326233,2988.159691,1156.513515,6892.148074,3486.898764,1832.30015,4509.895667,5447.192937,6116.801639,3908.815554,2286.113318,1031.038873,958.0530655,6495.40957,4141.085672,5594.187334,1538.342457,3812.810023,1612.449718,3093.258735,1766.138999,7278.007655,1391.453202,2228.921526,1501.10279,2984.661647,0,5465.543549,6098.804069,1635.278763,5090.543334,4521.13171,3327.245674,487.2056185,556.1760299,6714.567238,3102.5301,3937.988786,3567.126011,3567.126011,1831.737552,3102.341282,1995.879857,1445.087808,1481.410453,1912.588969,823.2388824,2244.786857,4113.866534,5133.311837,7747.02726,8249.319761,1752.254468,2349.373076,1857.658085,7033.122612,4248.830092,1897.135283,3994.598617,1646.155002,2650.763332,2592.197327,6671.701582,4613.613736,600.4467067,594.2163343,3676.510432,5421.261099,3769.262323,3769.262323,6025.51281,474.7894522,1853.027983,3571.441933,3634.249315,1022.686609,1753.117192
6380.670741,8163.967649,5527.864264,3301.856871,6124.992742,3655.313394,3769.797538,1069.150819,991.6938322,2211.985471,7166.404145,5617.212475,4563.237648,1071.693405,2562.950577,1796.479096,6995.866734,1818.996934,7076.253412,8079.765976,6575.706391,1818.438844,5178.753231,6560.959984,6964.373056,3874.731649,5465.543549,0,1326.969378,7073.526262,458.2780674,1237.873982,2575.085557,5876.402417,4915.107181,1265.117009,2363.013472,3608.153054,3223.525818,3223.525818,3937.805456,7551.356335,5723.209921,5326.406188,6928.762385,7328.02046,4764.723178,6815.052519,4207.071138,3436.739818,5117.66734,11749.7691,6223.379088,7402.829981,3630.037566,11318.06894,5965.790507,6607.467226,4681.819107,7101.940653,6704.035542,7926.40842,2761.32144,1161.856337,5569.367922,5044.066188,3251.924179,945.9454899,2087.947523,2087.947523,1104.161859,5302.117776,7314.844199,3639.860472,2206.82715,6315.060042,7059.483786
6997.084912,8966.259554,5915.141095,4470.79,5994.333213,4404.862182,3260.530793,2373.219661,445.4421876,2293.043763,7479.247294,6034.113134,5285.76382,1038.016918,2360.209519,3088.822021,7632.530416,2292.466231,7697.024358,8938.749158,7428.722315,1908.28873,5518.732295,7501.830227,7588.080927,3887.455966,6098.804069,1326.969378,0,7626.063401,1317.588528,1592.406616,2838.119203,6552.283273,5577.27347,1624.920735,3122.332396,3311.223173,3128.394974,3128.394974,4369.173539,8513.972264,5923.693202,5648.921914,7579.826242,7852.853579,5502.984651,7726.474626,5477.388854,2703.594843,6332.103862,12931.48732,6519.085743,7756.39989,4381.303142,12381.00352,5632.531972,7482.016005,4338.652074,7676.146642,7697.926109,8378.181487,1466.229972,1504.107948,6078.901957,5597.773493,3104.930565,697.0979603,2351.391798,2351.391798,2221.505509,5845.993182,7940.02913,3474.442392,2489.621456,7038.18219,7794.991224
762.3038405,2123.204809,1849.586691,8475.199554,3716.317606,3464.701492,5609.461817,7082.378016,7678.781478,5371.321244,1402.206071,1691.028254,2590.091705,8087.266421,5514.178083,7220.801863,520.8291854,5367.944288,423.7226234,2455.169788,1950.996987,8890.452042,2276.181743,2580.800286,443.422669,4141.930047,1635.278763,7073.526262,7626.063401,0,6684.609834,6074.774366,4800.167842,1341.874733,2190.375297,8329.683734,4714.555953,5088.933539,4844.042579,4844.042579,3261.851171,2994.293019,2372.926753,2204.727456,615.4397611,295.5857461,2433.441075,2382.851207,5498.91587,6316.8006,9208.217141,7998.559913,1708.753351,1212.761184,3489.964002,6445.563756,4643.799325,2099.891872,4834.008766,138.5314845,3011.489528,1025.18928,8056.666385,6168.440253,1549.641197,2038.406861,4935.552238,6965.280498,5275.445544,5275.445544,7659.634462,1784.309791,535.2822575,4736.810104,5137.47801,1228.986255,1167.786103
6004.558988,7844.898355,5104.625057,3637.386857,5666.756032,3302.551819,3346.425844,1341.350122,1117.965906,1754.31207,6736.611384,5198.859684,4208.26794,1404.866623,2118.489983,2054.441768,6626.338788,1377.14484,6702.987827,7780.421056,6271.132448,2232.481246,4747.724504,6291.412803,6591.559956,3416.718913,5090.543334,458.2780674,1317.588528,6684.609834,0,780.1307526,2122.647057,5513.88846,4545.153221,1695.185469,1997.864353,3161.99658,2767.212731,2767.212731,3514.372512,7293.255451,5278.273779,4893.590163,6562.727634,6933.84454,4415.472376,6533.66548,4167.185707,3058.860332,5410.287083,11621.23987,5789.563,6979.047825,3277.606669,11113.13371,5514.57878,6311.039704,4234.398702,6717.849165,6458.994348,7519.382997,2638.027633,706.2699519,5167.351945,4649.021053,2797.694107,729.5332239,1631.907969,1631.907969,1516.322417,4906.061968,6943.197607,3185.025969,1752.727437,5967.150396,6717.156157
5425.932269,7373.863783,4423.759527,4286.730954,4887.620235,2812.849194,2629.786752,1992.464496,1604.367684,974.1884163,6035.156194,4529.282743,3694.238298,2064.41548,1365.324621,2650.303278,6058.283874,708.6845123,6126.61485,7348.680511,5839.466404,2952.535166,4049.222475,5929.073103,6016.711426,2641.347374,4521.13171,1237.873982,1592.406616,6074.774366,780.1307526,0,1376.573192,4968.180789,3992.71092,2440.167285,1541.299917,2399.595686,1987.913478,1987.913478,2844.22397,6944.693336,4542.389226,4189.981009,6002.405779,6311.626266,3910.982388,6145.868565,4261.302724,2444.879116,5987.938484,11488.21668,5080.664617,6290.966186,2789.3943,10844.73557,4741.206933,5895.355845,3467.810082,6118.276914,6142.561384,6867.386039,2558.826801,93.99158063,4536.217205,4037.989047,2021.247553,902.3041447,873.7436589,873.7436589,2270.114066,4290.536112,6369.099663,2407.446062,1003.754482,5448.92965,6205.374646
4200.655333,6280.132465,3079.652596,5249.467521,3604.748055,1878.547078,1983.536552,3089.722994,2943.525851,581.7125461,4669.344375,3196.289067,2629.350144,3438.208653,940.9665577,3610.879609,4839.596569,779.6017825,4895.623984,6315.295785,4835.191369,4328.688453,2690.798019,5038.198561,4789.0573,1347.729475,3327.245674,2575.085557,2838.119203,4800.167842,2122.647057,1376.573192,0,3800.91379,2843.855237,3810.304496,1103.903389,1503.872021,927.6858592,927.6858592,1538.332332,6051.647004,3165.837417,2826.863964,4795.33577,5020.089088,2851.462826,5206.399328,4266.961028,2233.966685,6765.474237,10884.63684,3711.923213,4933.787492,1861.645103,10026.99553,3605.368137,4916.042535,2432.817911,4856.414454,5323.354695,5540.457986,3363.676775,1467.648186,3250.582967,2790.971502,1028.212474,2206.928403,505.1026221,505.1026221,3502.592501,3031.119164,5138.662353,1327.485914,372.9058416,4314.235395,5066.774392
579.8197841,2501.444911,1500.065412,7134.321043,3822.262941,2222.525228,4991.399107,5801.365183,6556.629729,4382.609921,2280.920846,1346.684559,1316.575089,6917.552148,4624.860108,5903.401177,1127.408917,4261.535025,1219.90935,2609.542625,1336.197411,7681.279985,1804.552444,1859.752182,1108.045945,3466.258087,487.2056185,5876.402417,6552.283273,1341.874733,5513.88846,4968.180789,3800.91379,0,975.4698793,7115.617658,3517.62426,4421.583746,4054.317907,4054.317907,2316.752627,2668.834601,2320.455785,1831.765649,1053.788199,1635.711147,1130.151217,1829.486595,4196.703689,5619.529573,7886.553435,7829.903504,1945.792465,2270.510615,2247.905709,6568.160453,4628.901263,1478.275752,4447.322684,1317.642095,2299.108438,2355.053784,7151.839753,5059.904354,929.2001856,1078.320197,4163.586569,5870.012368,4234.250413,4234.250413,6388.446192,920.8129993,1449.801756,4055.14082,4100.430385,536.6324957,1269.208118
1468.269543,3436.576545,1325.011654,6373.324589,3540.611821,1276.160017,4181.483172,4892.128686,5582.059717,3424.533706,2727.126198,1261.059634,421.7999038,5949.723521,3696.023593,5049.018346,2081.584515,3286.14943,2161.235735,3490.184572,2058.048881,6725.667845,1393.269844,2405.722177,2049.298995,2670.300716,556.1760299,4915.107181,5577.27347,2190.375297,4545.153221,3992.71092,2843.855237,975.4698793,0,6161.610389,2552.639036,3598.201322,3176.608466,3176.608466,1416.649499,3361.451352,2117.35811,1499.468134,2017.8317,2465.126588,367.4397667,2492.329619,3718.293051,4759.936762,7289.193365,8443.350262,2053.220433,2831.655527,1301.52629,7339.500279,4211.598339,2164.656893,3789.577053,2202.300771,2786.050485,3133.986578,6204.553107,4084.445256,916.0407107,490.94508,3292.219153,4894.558773,3265.527849,3265.527849,5469.607237,633.1896718,2399.81384,3233.908276,3132.927912,1471.845282,2227.206181
7629.349843,9354.829495,6792.408543,3086.043548,7296.826531,4893.289298,4753.494467,1605.045737,1200.570022,3393.700471,8429.067999,6882.302829,5799.509187,590.0025149,3659.720256,2107.480485,8239.063132,3072.311331,8322.202139,9246.330802,7753.771336,567.6340364,6440.658227,7693.729663,8210.096004,5071.799383,6714.567238,1265.117009,1624.920735,8329.683734,1695.185469,2440.167285,3810.304496,7115.617658,6161.610389,0,3615.2304,4692.15281,4377.55156,4377.55156,5202.112309,8662.879433,6971.823743,6587.361175,8169.270794,8586.803852,5995.680356,7962.585575,4988.445764,4278.318915,4961.271991,12614.32604,7483.793711,8667.386894,4867.88592,12328.74821,7058.319459,7775.366429,5759.785827,8355.246299,7800.969618,9189.97696,2970.616515,2353.103941,6831.967879,6304.394075,4388.389796,1796.398425,3311.988601,3311.988601,1089.680743,6562.695376,8559.34642,4776.661569,3438.115226,7540.732557,8278.218202
4017.657614,5862.097158,3254.581802,4404.114488,4383.997271,1305.72239,3086.722381,2479.244753,3066.421391,1432.219043,4907.192057,3322.49268,2210.423317,3400.201314,1952.089558,2834.053007,4634.010905,912.0553857,4713.501646,5819.306406,4308.51156,4176.962035,2954.532731,4387.818237,4601.685015,2245.346683,3102.5301,2363.013472,3122.332396,4714.555953,1997.864353,1541.299917,1103.903389,3517.62426,2552.639036,3615.2304,0,2600.435664,2016.82487,2016.82487,1709.120721,5403.737643,3603.262069,3110.544905,4568.298645,4973.211689,2418.485916,4605.744643,3167.708655,3280.930912,5786.732987,10023.10325,3997.595204,5114.950397,1280.951512,9315.198133,4546.949575,4359.874203,3465.332617,4740.377426,4606.56976,5589.078317,4029.902335,1623.97694,3229.803301,2695.125122,2124.730703,2425.464428,1133.747528,1133.747528,3009.716468,2953.647098,4952.439958,2388.049712,1069.133703,3969.779219,4720.973256
4663.254078,6901.558878,3239.356357,6622.11644,2690.449007,3050.723939,587.6444269,4366.014995,3592.81123,1476.0681,4530.382538,3399.811738,3543.221143,4196.268663,1045.474041,4970.887017,5276.699218,2120.910334,5299.448893,7030.929136,5652.582934,5126.297052,2813.321067,5985.022623,5207.301076,960.7019541,3937.988786,3608.153054,3311.223173,5088.933539,3161.99658,2399.595686,1503.872021,4421.583746,3598.201322,4692.15281,2600.435664,0,585.9667817,585.9667817,2199.012168,6958.395747,2922.763933,2888.377344,5262.140487,5241.831441,3745.343604,6089.708627,5741.227363,1227.874392,8217.913569,11986.00035,3610.836162,4852.98894,3042.43798,10937.31206,2367.501872,5762.559739,1074.203565,5179.748327,6333.865471,5599.381063,3148.035458,2460.952809,3632.83531,3343.959854,476.0119058,2900.582387,1731.17383,1731.17383,4669.041519,3518.458934,5530.766306,366.5725808,1689.24175,4958.120949,5659.603793
4352.067239,6553.327986,3010.799443,6118.961219,2919.479171,2510.739285,1124.956361,3897.003292,3350.035247,1017.180817,4442.137634,3159.094343,3074.484574,3922.841783,769.6879724,4470.071391,4980.836858,1600.902939,5015.484797,6651.777665,5233.359403,4848.065594,2585.427585,5527.832237,4917.389483,772.7183975,3567.126011,3223.525818,3128.394974,4844.042579,2767.212731,1987.913478,927.6858592,4054.317907,3176.608466,4377.55156,2016.82487,585.9667817,0,0,1759.964747,6517.561179,2845.596599,2686.533076,4955.799945,5023.002545,3285.210528,5652.414603,5155.511423,1586.15606,7676.975892,11494.40908,3492.367983,4745.507839,2500.522187,10504.4701,2766.401424,5334.903169,1532.623589,4923.299648,5859.183189,5445.042178,3232.231322,2061.671169,3333.242033,2980.306774,124.6993326,2623.075994,1221.030259,1221.030259,4244.91212,3180.45871,5253.012769,427.9379975,1155.397791,4589.118962,5313.521862
4352.067239,6553.327986,3010.799443,6118.961219,2919.479171,2510.739285,1124.956361,3897.003292,3350.035247,1017.180817,4442.137634,3159.094343,3074.484574,3922.841783,769.6879724,4470.071391,4980.836858,1600.902939,5015.484797,6651.777665,5233.359403,4848.065594,2585.427585,5527.832237,4917.389483,772.7183975,3567.126011,3223.525818,3128.394974,4844.042579,2767.212731,1987.913478,927.6858592,4054.317907,3176.608466,4377.55156,2016.82487,585.9667817,0,0,1759.964747,6517.561179,2845.596599,2686.533076,4955.799945,5023.002545,3285.210528,5652.414603,5155.511423,1586.15606,7676.975892,11494.40908,3492.367983,4745.507839,2500.522187,10504.4701,2766.401424,5334.903169,1532.623589,4923.299648,5859.183189,5445.042178,3232.231322,2061.671169,3333.242033,2980.306774,124.6993326,2623.075994,1221.030259,1221.030259,4244.91212,3180.45871,5253.012769,427.9379975,1155.397791,4589.118962,5313.521862
2674.708515,4817.450237,1590.473177,6055.79708,2875.73617,1102.089644,2786.01423,4185.180486,4444.915761,2111.758877,3231.647191,1686.980866,1348.46267,4894.932669,2309.928859,4529.355184,3313.4459,2150.155562,3364.723226,4898.023144,3473.743134,5746.581151,1252.97903,3786.350138,3259.635871,1314.087568,1831.737552,3937.805456,4369.173539,3261.851171,3514.372512,2844.22397,1538.332332,2316.752627,1416.649499,5202.112309,1709.120721,2199.012168,1759.964747,1759.964747,0,4765.257712,1900.776688,1406.696656,3274.526721,3483.898401,1546.774576,3897.996338,4122.842339,3343.993904,7292.707019,9793.306723,2300.84145,3465.36058,1108.101299,8749.656204,3280.80034,3576.891911,2553.396693,3318.652061,4136.545018,4023.309469,4846.126788,2938.188042,1712.323504,1266.513869,1875.911308,3719.381639,2018.027081,2018.027081,4700.2235,1497.911538,3607.309908,1839.898746,1879.713886,2846.392061,3584.827739
2746.91815,1445.502914,4157.934113,7706.785316,6441.957275,4192.759679,7542.576335,7126.512181,8407.388201,6608.301704,4393.508108,3996.841933,3450.216279,8621.725007,6965.029686,6958.031653,2479.579092,6291.121168,2570.70305,1007.864728,1336.758613,9220.79731,4472.85186,1018.566872,2564.839189,6030.421758,3102.341282,7551.356335,8513.972264,2994.293019,7293.255451,6944.693336,6051.647004,2668.834601,3361.451352,8662.879433,5403.737643,6958.395747,6517.561179,6517.561179,4765.257712,0,4951.680081,4499.007987,2399.740478,3168.47344,3234.805397,869.2242518,4292.175742,8103.672629,7823.748727,5163.609553,4457.525104,4197.781749,4212.808825,3987.757824,7283.809843,1207.344693,7095.788125,2860.050393,874.2031157,3721.362833,9380.09582,7026.012166,3594.618096,3676.460259,6636.427027,7817.729404,6387.935204,6387.935204,7726.470796,3572.46488,2531.857801,6594.799635,6270.893575,2189.549881,1828.710481
2234.210816,4432.935597,839.368201,7949.434595,1501.852617,2810.479612,3372.878473,6067.432028,6085.212609,3646.887288,1608.782484,976.5867084,2426.994846,6601.47006,3602.485649,6429.83817,2713.895385,3904.213618,2692.110797,4688.336993,3641.23635,7494.353718,766.406622,4179.66923,2628.718401,2074.19559,1995.879857,5723.209921,5923.693202,2372.926753,5278.273779,4542.389226,3165.837417,2320.455785,2117.35811,6971.823743,3603.262069,2922.763933,2845.596599,2845.596599,1900.776688,4951.680081,0,628.7502919,2740.526065,2450.809843,2474.486099,4139.3354,5733.782597,4124.098849,9120.199152,10110.6211,708.1267957,1930.745795,2827.037016,8719.171484,2340.597163,3789.206608,2484.813532,2491.794528,4616.329742,2698.657752,6046.340817,4633.219867,1407.813219,1626.527796,2904.081871,5344.231146,3669.467898,3669.467898,6562.274592,1556.7582,2886.373106,2611.694797,3538.720101,2762.550235,3266.42511
1875.426818,4133.486722,368.6048811,7397.724052,2056.813451,2214.514991,3404.774803,5589.302447,5770.389396,3355.917172,1845.332858,539.3474892,1798.622565,6253.656338,3402.282984,5910.726817,2440.884594,3518.003781,2446.567179,4338.640957,3167.962298,7124.396417,158.0855252,3668.288889,2363.894094,1952.803216,1445.087808,5326.406188,5648.921914,2204.727456,4893.590163,4189.981009,2826.863964,1831.765649,1499.468134,6587.361175,3110.544905,2888.377344,2686.533076,2686.533076,1406.696656,4499.007987,628.7502919,0,2444.181029,2354.051138,1851.639956,3660.191466,5108.046182,4115.824038,8523.217047,9661.409176,897.322015,2108.170179,2232.579432,8353.861854,2805.452652,3309.141641,2683.413037,2301.487435,4094.582098,2761.943799,5918.567878,4283.030245,904.5100982,1011.109674,2767.521258,5033.143983,3330.032971,3330.032971,6106.91954,979.6531795,2668.012678,2541.343429,3193.895974,2322.342766,2916.741469
